13091
13137
13365
13471
13829
13866
14073
14246
14292
14421
14438
14451
14559
14656
14764
14861
14883
13107
13185
13275
13330
13420
13453
13470
13531
13570
13596
13666
13948
14050
14072
14081
14118
14264
14319
14414
14425
14443
14444
14466
14486
14496
14539
14612
14706
14720
14729
14756
14849
14874
14933
14936
13164
13264
13334
13701
13752
13768
13812
13927
13938
14028
14113
14180
14251
14364
14403
14524
14580
14790
14860
14910
14972
13305
13358
13440
13476
13583
13585
13959
14091
14208
14487
14639
14784
14836
13037
13103
13200
13296
13327
13349
13377
13653
13775
13850
13860
13908
13913
13984
14084
14131
14153
14192
14222
14227
14248
14311
14468
14752
14769
14780
14783
14853
14960
13001
13021
13249
13383
13388
13538
13574
13616
13675
13796
13870
14075
14083
14152
14368
14504
14509
14566
14602
14628
14691
14745
14755
14854
14920
14978
13030
13098
13209
13217
13223
13255
13268
13306
13339
13344
13345
13393
13426
13429
13474
13502
13544
13606
13645
13669
13677
13678
13788
13811
13817
13874
13900
13910
13924
13949
14010
14048
14065
14066
14089
14122
14136
14181
14186
14247
14252
14279
14280
14310
14328
14412
14460
14490
14512
14629
14660
14663
14692
14697
14714
14727
14736
14740
14759
14818
14843
14851
14984
14989